              0	              1	              0	
      0.0134269	        0.99991	     -0.0134269	
      0.0263378	       0.999653	     -0.0263355	
      0.0389362	       0.999242	     -0.0389275	
      0.0513432	       0.998682	     -0.0513221	
      0.0636321	       0.997976	     -0.0635909	
      0.0758477	       0.997125	      -0.075777	
      0.0880177	       0.996129	     -0.0879064	
       0.100159	       0.994988	     -0.0999946	
       0.112283	       0.993703	       -0.11205	
       0.124396	       0.992272	      -0.124079	
       0.136502	       0.990698	      -0.136082	
       0.148604	       0.988978	      -0.148061	
       0.160703	       0.987114	      -0.160016	
         0.1728	       0.985107	      -0.171946	
       0.184896	       0.982955	      -0.183849	
       0.196992	       0.980659	      -0.195725	
       0.209087	        0.97822	      -0.207572	
       0.221182	       0.975638	      -0.219388	
       0.233276	       0.972913	      -0.231172	
       0.245371	       0.970046	      -0.242922	
       0.257465	       0.967037	      -0.254637	
        0.26956	       0.963886	      -0.266314	
       0.281654	       0.960595	      -0.277952	
       0.293749	       0.957163	       -0.28955	
       0.305843	       0.953591	      -0.301105	
       0.317938	        0.94988	      -0.312616	
       0.330032	       0.946029	      -0.324081	
       0.342127	       0.942041	      -0.335499	
       0.354221	       0.937914	      -0.346868	
       0.366316	        0.93365	      -0.358186	
        0.37841	        0.92925	      -0.369452	
       0.390504	       0.924714	      -0.380664	
       0.402599	       0.920042	       -0.39182	
       0.414693	       0.915236	      -0.402919	
       0.426788	       0.910296	      -0.413959	
       0.438882	       0.905223	      -0.424938	
       0.450977	       0.900017	      -0.435855	
       0.463071	        0.89468	      -0.446708	
       0.475166	       0.889212	      -0.457496	
        0.48726	       0.883613	      -0.468217	
       0.499354	       0.877886	       -0.47887	
       0.511449	        0.87203	      -0.489452	
       0.523543	       0.866047	      -0.499963	
       0.535638	       0.859937	      -0.510401	
       0.547732	       0.853701	      -0.520764	
       0.559827	        0.84734	      -0.531051	
       0.571921	       0.840855	       -0.54126	
       0.584016	       0.834247	       -0.55139	
        0.59611	       0.827518	       -0.56144	
       0.608204	       0.820667	      -0.571407	
       0.620299	       0.813696	      -0.581291	
       0.632393	       0.806606	       -0.59109	
       0.644488	       0.799398	      -0.600802	
       0.656582	       0.792073	      -0.610426	
       0.668677	       0.784633	      -0.619961	
       0.680771	       0.777077	      -0.629406	
       0.692866	       0.769408	      -0.638758	
        0.70496	       0.761626	      -0.648017	
       0.717054	       0.753733	      -0.657181	
       0.729149	        0.74573	      -0.666249	
       0.741243	       0.737617	      -0.675219	
       0.753338	       0.729397	      -0.684091	
       0.765432	        0.72107	      -0.692862	
       0.777527	       0.712638	      -0.701533	
       0.789621	       0.704101	        -0.7101	
       0.801716	       0.695461	      -0.718564	
        0.81381	       0.686719	      -0.726923	
       0.825904	       0.677878	      -0.735175	
       0.837999	       0.668936	       -0.74332	
       0.850093	       0.659897	      -0.751356	
       0.862188	       0.650762	      -0.759282	
       0.874282	       0.641531	      -0.767097	
       0.886377	       0.632207	        -0.7748	
       0.898471	        0.62279	       -0.78239	
       0.910566	       0.613282	      -0.789865	
        0.92266	       0.603684	      -0.797224	
       0.934754	       0.593998	      -0.804467	
       0.946849	       0.584225	      -0.811592	
       0.958943	       0.574366	      -0.818599	
       0.971038	       0.564424	      -0.825486	
       0.983132	       0.554399	      -0.832252	
       0.995227	       0.544292	      -0.838896	
        1.00732	       0.534107	      -0.845417	
        1.01942	       0.523843	      -0.851815	
        1.03151	       0.513502	      -0.858089	
         1.0436	       0.503087	      -0.864236	
         1.0557	       0.492597	      -0.870258	
        1.06779	       0.482036	      -0.876152	
        1.07989	       0.471404	      -0.881918	
        1.09198	       0.460703	      -0.887554	
        1.10408	       0.449935	      -0.893061	
        1.11617	       0.439101	      -0.898438	
        1.12827	       0.428203	      -0.903683	
        1.14036	       0.417242	      -0.908796	
        1.15245	        0.40622	      -0.913775	
        1.16455	       0.395139	      -0.918622	
        1.17664	          0.384	      -0.923333	
        1.18874	       0.372805	       -0.92791	
        1.20083	       0.361555	      -0.932351	
        1.21293	       0.350252	      -0.936656	
        1.22502	       0.338898	      -0.940823	
        1.23712	       0.327495	      -0.944853	
        1.24921	       0.316043	      -0.948745	
         1.2613	       0.304545	      -0.952498	
         1.2734	       0.293003	      -0.956112	
        1.28549	       0.281418	      -0.959586	
        1.29759	       0.269792	      -0.962919	
        1.30968	       0.258126	      -0.966112	
        1.32178	       0.246423	      -0.969163	
        1.33387	       0.234683	      -0.972072	
        1.34597	       0.222909	      -0.974839	
        1.35806	       0.211103	      -0.977464	
        1.37015	       0.199266	      -0.979946	
        1.38225	       0.187399	      -0.982284	
        1.39434	       0.175505	      -0.984479	
        1.40644	       0.163586	      -0.986529	
        1.41853	       0.151642	      -0.988436	
        1.43063	       0.139677	      -0.990197	
        1.44272	       0.127691	      -0.991814	
        1.45482	       0.115686	      -0.993286	
        1.46691	       0.103664	      -0.994613	
          1.479	      0.0916272	      -0.995794	
         1.4911	      0.0795769	      -0.996829	
        1.50319	       0.067515	      -0.997719	
        1.51529	      0.0554432	      -0.998462	
        1.52738	      0.0433633	       -0.99906	
        1.53948	       0.031277	      -0.999511	
        1.55157	      0.0191862	      -0.999816	
        1.56367	     0.00709261	      -0.999975	
        1.57576	    -0.00500205	      -0.999988	
        1.58785	      -0.017096	      -0.999854	
        1.59995	     -0.0291874	      -0.999574	
        1.61204	     -0.0412746	      -0.999148	
        1.62414	     -0.0533557	      -0.998576	
        1.63623	      -0.065429	      -0.997858	
        1.64833	     -0.0774927	      -0.996993	
        1.66042	     -0.0895452	      -0.995983	
        1.67252	      -0.101584	      -0.994827	
        1.68461	      -0.113609	      -0.993526	
         1.6967	      -0.125617	      -0.992079	
         1.7088	      -0.137606	      -0.990487	
        1.72089	      -0.149576	      -0.988751	
        1.73299	      -0.161523	      -0.986869	
        1.74508	      -0.173447	      -0.984844	
        1.75718	      -0.185345	      -0.982674	
        1.76927	      -0.197217	       -0.98036	
        1.78137	      -0.209059	      -0.977903	
        1.79346	      -0.220871	      -0.975303	
        1.80555	      -0.232651	      -0.972561	
        1.81765	      -0.244396	      -0.969676	
        1.82974	      -0.256106	      -0.966649	
        1.84184	      -0.267778	      -0.963481	
        1.85393	      -0.279411	      -0.960172	
        1.86603	      -0.291004	      -0.956722	
        1.87812	      -0.302554	      -0.953133	
        1.89022	      -0.314059	      -0.949404	
        1.90231	      -0.325519	      -0.945536	
         1.9144	       -0.33693	       -0.94153	
         1.9265	      -0.348293	      -0.937386	
        1.93859	      -0.359605	      -0.933105	
        1.95069	      -0.370864	      -0.928688	
        1.96278	      -0.382069	      -0.924134	
        1.97488	      -0.393218	      -0.919446	
        1.98697	      -0.404309	      -0.914623	
        1.99907	      -0.415341	      -0.909666	
        2.01116	      -0.426313	      -0.904576	
        2.02325	      -0.437222	      -0.899354	
        2.03535	      -0.448067	         -0.894	
        2.04744	      -0.458847	      -0.888516	
        2.05954	      -0.469559	      -0.882901	
        2.07163	      -0.480203	      -0.877158	
        2.08373	      -0.490777	      -0.871286	
        2.09582	      -0.501279	      -0.865286	
        2.10792	      -0.511707	       -0.85916	
        2.12001	      -0.522061	      -0.852909	
         2.1321	      -0.532338	      -0.846532	
         2.1442	      -0.542538	      -0.840032	
        2.15629	      -0.552658	      -0.833409	
        2.16839	      -0.562697	      -0.826664	
        2.18048	      -0.572654	      -0.819798	
        2.19258	      -0.582527	      -0.812812	
        2.20467	      -0.592315	      -0.805707	
        2.21677	      -0.602016	      -0.798485	
        2.22886	      -0.611629	      -0.791145	
        2.24095	      -0.621153	       -0.78369	
        2.25305	      -0.630586	       -0.77612	
        2.26514	      -0.639926	      -0.768437	
        2.27724	      -0.649173	      -0.760641	
        2.28933	      -0.658325	      -0.752734	
        2.30143	      -0.667381	      -0.744717	
        2.31352	      -0.676339	      -0.736591	
        2.32562	      -0.685198	      -0.728357	
        2.33771	      -0.693957	      -0.720017	
         2.3498	      -0.702615	      -0.711571	
         2.3619	       -0.71117	      -0.703021	
        2.37399	       -0.71962	      -0.694369	
        2.38609	      -0.727966	      -0.685614	
        2.39818	      -0.736204	       -0.67676	
        2.41028	      -0.744336	      -0.667807	
        2.42237	      -0.752358	      -0.658755	
        2.43447	       -0.76027	      -0.649608	
        2.44656	      -0.768071	      -0.640365	
        2.45865	       -0.77576	      -0.631029	
        2.47075	      -0.783335	      -0.621601	
        2.48284	      -0.790796	      -0.612081	
        2.49494	      -0.798141	      -0.602472	
        2.50703	      -0.805369	      -0.592775	
        2.51913	      -0.812479	      -0.582991	
        2.53122	      -0.819471	      -0.573122	
        2.54332	      -0.826342	      -0.563169	
        2.55541	      -0.833093	      -0.553134	
         2.5675	      -0.839722	      -0.543017	
         2.5796	      -0.846228	      -0.532822	
        2.59169	       -0.85261	      -0.522548	
        2.60379	      -0.858868	      -0.512198	
        2.61588	         -0.865	      -0.501773	
        2.62798	      -0.871005	      -0.491275	
        2.64007	      -0.876883	      -0.480704	
        2.65217	      -0.882633	      -0.470064	
        2.66426	      -0.888254	      -0.459355	
        2.67635	      -0.893744	      -0.448578	
        2.68845	      -0.899104	      -0.437736	
        2.70054	      -0.904333	       -0.42683	
        2.71264	      -0.909429	      -0.415861	
        2.72473	      -0.914392	      -0.404832	
        2.73683	      -0.919221	      -0.393743	
        2.74892	      -0.923916	      -0.382597	
        2.76101	      -0.928476	      -0.371394	
        2.77311	        -0.9329	      -0.360138	
         2.7852	      -0.937187	      -0.348829	
         2.7973	      -0.941338	      -0.337468	
        2.80939	       -0.94535	      -0.326059	
        2.82149	      -0.949225	      -0.314601	
        2.83358	       -0.95296	      -0.303098	
        2.84568	      -0.956556	       -0.29155	
        2.85777	      -0.960012	       -0.27996	
        2.86986	      -0.963328	      -0.268329	
        2.88196	      -0.966503	      -0.256658	
        2.89405	      -0.969536	       -0.24495	
        2.90615	      -0.972428	      -0.233206	
        2.91824	      -0.975177	      -0.221428	
        2.93034	      -0.977784	      -0.209618	
        2.94243	      -0.980248	      -0.197777	
        2.95453	      -0.982568	      -0.185907	
        2.96662	      -0.984745	      -0.174009	
        2.97871	      -0.986777	      -0.162087	
        2.99081	      -0.988665	       -0.15014	
         3.0029	      -0.990409	      -0.138172	
          3.015	      -0.992008	      -0.126184	
        3.02709	      -0.993461	      -0.114177	
        3.03919	      -0.994769	      -0.102153	
        3.05128	      -0.995932	     -0.0901142	
        3.06338	      -0.996949	     -0.0780624	
        3.07547	       -0.99782	     -0.0659991	
        3.08756	      -0.998546	     -0.0539262	
        3.09966	      -0.999125	     -0.0418454	
        3.11175	      -0.999558	     -0.0297585	
        3.12385	      -0.999845	     -0.0176672	
        3.13594	      -0.999985	    -0.00557337	
        3.14804	      -0.999979	      0.0065213	
        3.16013	      -0.999827	       0.018615	
        3.17223	      -0.999529	       0.030706	
        3.18432	      -0.999085	      0.0427925	
        3.19641	      -0.998494	      0.0548727	
        3.20851	      -0.997757	       0.066945	
         3.2206	      -0.996875	      0.0790074	
         3.2327	      -0.995846	      0.0910582	
        3.24479	      -0.994672	       0.103096	
        3.25689	      -0.993353	       0.115118	
        3.26898	      -0.991888	       0.127124	
        3.28108	      -0.990278	       0.139111	
        3.29317	      -0.988523	       0.151078	
        3.30526	      -0.986623	       0.163022	
        3.31736	      -0.984579	       0.174943	
        3.32945	      -0.982391	       0.186838	
        3.34155	       -0.98006	       0.198706	
        3.35364	      -0.977585	       0.210545	
        3.36574	      -0.974967	       0.222353	
        3.37783	      -0.972207	       0.234128	
        3.38993	      -0.969304	       0.245869	
        3.40202	      -0.966259	       0.257574	
        3.41411	      -0.963073	       0.269242	
        3.42621	      -0.959747	        0.28087	
         3.4383	      -0.956279	       0.292457	
         3.4504	      -0.952672	       0.304001	
        3.46249	      -0.948926	       0.315501	
        3.47459	      -0.945041	       0.326955	
        3.48668	      -0.941017	       0.338361	
        3.49878	      -0.936856	       0.349717	
        3.51087	      -0.932558	       0.361022	
        3.52296	      -0.928124	       0.372274	
        3.53506	      -0.923553	       0.383472	
        3.54715	      -0.918848	       0.394614	
        3.55925	      -0.914008	       0.405698	
        3.57134	      -0.909034	       0.416723	
        3.58344	      -0.903928	       0.427687	
        3.59553	      -0.898689	       0.438588	
        3.60763	      -0.893319	       0.449425	
        3.61972	      -0.887818	       0.460196	
        3.63181	      -0.882187	         0.4709	
        3.64391	      -0.876427	       0.481536	
          3.656	      -0.870539	         0.4921	
         3.6681	      -0.864524	       0.502593	
        3.68019	      -0.858382	       0.513012	
        3.69229	      -0.852115	       0.523356	
        3.70438	      -0.845723	       0.533624	
        3.71648	      -0.839207	       0.543813	
        3.72857	      -0.832569	       0.553923	
        3.74066	      -0.825808	       0.563952	
        3.75276	      -0.818927	       0.573899	
        3.76485	      -0.811926	       0.583761	
        3.77695	      -0.804807	       0.593538	
        3.78904	      -0.797569	       0.603229	
        3.80114	      -0.790215	       0.612831	
        3.81323	      -0.782746	       0.622343	
        3.82533	      -0.775162	       0.631764	
        3.83742	      -0.767464	       0.641093	
        3.84951	      -0.759654	       0.650328	
        3.86161	      -0.751733	       0.659468	
         3.8737	      -0.743703	       0.668512	
         3.8858	      -0.735563	       0.677458	
        3.89789	      -0.727316	       0.686304	
        3.90999	      -0.718962	       0.695051	
        3.92208	      -0.710503	       0.703695	
        3.93418	       -0.70194	       0.712237	
        3.94627	      -0.693275	       0.720674	
        3.95836	      -0.684508	       0.729007	
        3.97046	      -0.675641	       0.737232	
        3.98255	      -0.666675	        0.74535	
        3.99465	      -0.657612	       0.753358	
        4.00674	      -0.648452	       0.761256	
        4.01884	      -0.639198	       0.769043	
        4.03093	       -0.62985	       0.776718	
        4.04303	       -0.62041	       0.784279	
        4.05512	      -0.610879	       0.791725	
        4.06721	      -0.601259	       0.799055	
        4.07931	      -0.591551	       0.806269	
         4.0914	      -0.581756	       0.813364	
         4.1035	      -0.571877	       0.820341	
        4.11559	      -0.561913	       0.827197	
        4.12769	      -0.551868	       0.833933	
        4.13978	      -0.541741	       0.840546	
        4.15188	      -0.531536	       0.847037	
        4.16397	      -0.521252	       0.853404	
        4.17606	      -0.510893	       0.859645	
        4.18816	      -0.500459	       0.865762	
        4.20025	      -0.489951	       0.871751	
        4.21235	      -0.479372	       0.877613	
        4.22444	      -0.468723	       0.883346	
        4.23654	      -0.458005	       0.888951	
        4.24863	       -0.44722	       0.894425	
        4.26073	       -0.43637	       0.899769	
        4.27282	      -0.425456	        0.90498	
        4.28491	      -0.414479	        0.91006	
        4.29701	      -0.403442	       0.915006	
         4.3091	      -0.392346	       0.919819	
         4.3212	      -0.381193	       0.924497	
        4.33329	      -0.369984	       0.929039	
        4.34539	       -0.35872	       0.933446	
        4.35748	      -0.347405	       0.937716	
        4.36958	      -0.336038	       0.941849	
        4.38167	      -0.324622	       0.945845	
        4.39376	      -0.313159	       0.949702	
        4.40586	       -0.30165	        0.95342	
        4.41795	      -0.290097	       0.956998	
        4.43005	      -0.278501	       0.960437	
        4.44214	      -0.266865	       0.963735	
        4.45424	       -0.25519	       0.966892	
        4.46633	      -0.243477	       0.969908	
        4.47843	      -0.231729	       0.972781	
        4.49052	      -0.219947	       0.975513	
        4.50261	      -0.208132	       0.978102	
        4.51471	      -0.196287	       0.980547	
         4.5268	      -0.184414	        0.98285	
         4.5389	      -0.172513	       0.985008	
        4.55099	      -0.160588	       0.987023	
        4.56309	      -0.148638	       0.988893	
        4.57518	      -0.136667	       0.990618	
        4.58728	      -0.124676	       0.992198	
        4.59937	      -0.112667	       0.993634	
        4.61146	      -0.100642	       0.994924	
        4.62356	     -0.0886012	       0.996068	
        4.63565	     -0.0765478	       0.997067	
        4.64775	     -0.0644833	        0.99792	
        4.65984	     -0.0524093	       0.998627	
        4.67194	     -0.0403276	       0.999188	
        4.68403	       -0.02824	       0.999602	
        4.69613	     -0.0161484	       0.999871	
        4.70822	     -0.0040543	       0.999993	
        4.72031	     0.00804035	       0.999969	
        4.73241	      0.0201338	       0.999798	
         4.7445	      0.0322243	       0.999482	
         4.7566	      0.0443102	       0.999019	
        4.76869	      0.0563895	        0.99841	
        4.78079	      0.0684606	       0.997655	
        4.79288	      0.0805216	       0.996754	
        4.80498	      0.0925709	       0.995707	
        4.81707	       0.104607	       0.994515	
        4.82916	       0.116627	       0.993177	
        4.84126	       0.128631	       0.991694	
        4.85335	       0.140615	       0.990065	
        4.86545	       0.152579	       0.988292	
        4.87754	       0.164521	       0.986375	
        4.88964	       0.176438	       0.984313	
        4.90173	        0.18833	       0.982107	
        4.91383	       0.200194	       0.979757	
        4.92592	       0.212029	       0.977264	
        4.93801	       0.223833	       0.974629	
        4.95011	       0.235605	        0.97185	
         4.9622	       0.247341	        0.96893	
         4.9743	       0.259042	       0.965867	
        4.98639	       0.270705	       0.962664	
        4.99849	       0.282328	       0.959319	
        5.01058	       0.293909	       0.955834	
        5.02268	       0.305448	        0.95221	
        5.03477	       0.316942	       0.948446	
        5.04686	        0.32839	       0.944543	
        5.05896	        0.33979	       0.940503	
        5.07105	        0.35114	       0.936324	
        5.08315	       0.362438	       0.932009	
        5.09524	       0.373684	       0.927557	
        5.10734	       0.384875	        0.92297	
        5.11943	        0.39601	       0.918248	
        5.13153	       0.407086	       0.913391	
        5.14362	       0.418104	       0.908401	
        5.15571	        0.42906	       0.903277	
        5.16781	       0.439953	       0.898022	
         5.1799	       0.450782	       0.892636	
          5.192	       0.461545	       0.887118	
        5.20409	        0.47224	       0.881471	
        5.21619	       0.482866	       0.875695	
        5.22828	       0.493422	       0.869791	
        5.24037	       0.503906	        0.86376	
        5.25247	       0.514316	       0.857602	
        5.26456	        0.52465	       0.851319	
        5.27666	       0.534908	       0.844912	
        5.28875	       0.545088	        0.83838	
        5.30085	       0.555188	       0.831727	
        5.31294	       0.565206	       0.824951	
        5.32504	       0.575142	       0.818055	
        5.33713	       0.584994	       0.811039	
        5.34922	        0.59476	       0.803905	
        5.36132	        0.60444	       0.796652	
        5.37341	        0.61403	       0.789284	
        5.38551	       0.623531	         0.7818	
         5.3976	       0.632941	       0.774201	
         5.4097	       0.642259	        0.76649	
        5.42179	       0.651482	       0.758666	
        5.43389	        0.66061	       0.750731	
        5.44598	       0.669641	       0.742686	
        5.45807	       0.678575	       0.734533	
        5.47017	       0.687409	       0.726272	
        5.48226	       0.696142	       0.717906	
        5.49436	       0.704774	       0.709434	
        5.50645	       0.713303	       0.700858	
        5.51855	       0.721727	        0.69218	
        5.53064	       0.730046	         0.6834	
        5.54274	       0.738258	       0.674521	
        5.55483	       0.746362	       0.665542	
        5.56692	       0.754356	       0.656467	
        5.57902	       0.762241	       0.647295	
        5.59111	       0.770014	       0.638029	
        5.60321	       0.777674	        0.62867	
         5.6153	       0.785221	       0.619218	
         5.6274	       0.792652	       0.609676	
        5.63949	       0.799968	       0.600045	
        5.65159	       0.807167	       0.590326	
        5.66368	       0.814247	        0.58052	
        5.67577	       0.821209	        0.57063	
        5.68787	        0.82805	       0.560656	
        5.69996	        0.83477	         0.5506	
        5.71206	       0.841369	       0.540464	
        5.72415	       0.847844	       0.530249	
        5.73625	       0.854195	       0.519956	
        5.74834	       0.860421	       0.509587	
        5.76044	       0.866521	       0.499143	
        5.77253	       0.872495	       0.488627	
        5.78462	        0.87834	       0.478038	
        5.79672	       0.884058	        0.46738	
        5.80881	       0.889646	       0.456654	
        5.82091	       0.895104	       0.445861	
          5.833	       0.900431	       0.435003	
         5.8451	       0.905626	       0.424081	
        5.85719	       0.910689	       0.413096	
        5.86929	       0.915618	       0.402052	
        5.88138	       0.920414	       0.390949	
        5.89347	       0.925075	       0.379788	
        5.90557	       0.929601	       0.368572	
        5.91766	        0.93399	       0.357302	
        5.92976	       0.938243	        0.34598	
        5.94185	       0.942359	       0.334607	
        5.95395	       0.946337	       0.323185	
        5.96604	       0.950177	       0.311716	
        5.97814	       0.953877	       0.300202	
        5.99023	       0.957438	       0.288643	
              6	       0.960212	       0.279275	
