1	        1.07479	        3.01667	          5.382	        7.94316	
2	        3.54924	        13.9287	        29.1828	        47.0598	
3	        7.94996	        43.7997	        107.409	        187.762	
4	        14.0154	        104.076	        295.841	        558.249	
5	        21.6734	        222.635	        729.704	        1473.64	
6	        47.4667	        642.233	        2414.17	        5211.13	
7	        99.1364	        1820.55	        7864.05	          18033	
8	        168.245	        4123.58	        20508.6	        49747.3	
9	        252.165	        8310.91	        47196.9	         120164	
10	        418.673	        18503.3	         118324	         309588	
11	        1111.32	        64595.3	         430331	    1.05005e+06	
12	        2764.57	         198735	    1.17526e+06	    2.36372e+06	
13	        7366.64	         570829	    2.37925e+06	    3.75712e+06	
14	        19328.3	    1.27772e+06	    3.51336e+06	    4.68196e+06	
15	        49414.9	    2.17878e+06	    4.32717e+06	    5.21199e+06	
16	         119373	     3.0299e+06	    4.86671e+06	    5.51521e+06	
17	         259741	    3.70438e+06	     5.2193e+06	     5.6959e+06	
18	         486824	    4.18739e+06	    5.44617e+06	    5.80563e+06	
19	         780981	    4.52265e+06	    5.59187e+06	    5.87204e+06	
20	    1.10505e+06	    4.76449e+06	    5.68897e+06	    5.91272e+06	
21	     1.4312e+06	    4.95046e+06	    5.75753e+06	    5.93861e+06	
22	    1.70209e+06	    5.09048e+06	    5.80589e+06	    5.95502e+06	
23	    2.00263e+06	    5.21801e+06	    5.84562e+06	    5.96725e+06	
24	    2.28412e+06	    5.32589e+06	    5.87661e+06	     5.9759e+06	
25	    2.54654e+06	    5.41805e+06	    5.90109e+06	    5.98214e+06	
26	    2.79067e+06	    5.49718e+06	    5.92056e+06	    5.98667e+06	
27	    3.01754e+06	    5.56532e+06	    5.93612e+06	    5.99001e+06	
28	    3.22829e+06	    5.62409e+06	    5.94858e+06	    5.99251e+06	
29	    3.42402e+06	    5.67484e+06	    5.95859e+06	    5.99431e+06	
30	     3.6058e+06	    5.71868e+06	    5.96663e+06	    5.99573e+06	
31	    3.77463e+06	    5.75657e+06	    5.97308e+06	    5.99671e+06	
32	    3.93142e+06	    5.78934e+06	    5.97828e+06	    5.99753e+06	
33	    4.07707e+06	    5.81767e+06	    5.98246e+06	    5.99807e+06	
34	    4.21236e+06	    5.84218e+06	    5.98583e+06	    5.99853e+06	
35	    4.33805e+06	    5.86338e+06	    5.98855e+06	    5.99887e+06	
36	    4.45483e+06	    5.88172e+06	    5.99074e+06	    5.99908e+06	
37	    4.56333e+06	    5.89759e+06	     5.9925e+06	     5.9993e+06	
38	    4.66416e+06	    5.91132e+06	    5.99389e+06	    5.99946e+06	
39	    4.75786e+06	    5.92321e+06	    5.99506e+06	    5.99955e+06	
40	    4.84494e+06	    5.93349e+06	    5.99599e+06	    5.99959e+06	
41	    4.92587e+06	     5.9424e+06	     5.9967e+06	    5.99969e+06	
42	     5.0011e+06	     5.9501e+06	    5.99734e+06	    5.99977e+06	
43	    5.07103e+06	    5.95678e+06	     5.9978e+06	    5.99981e+06	
44	    5.13604e+06	    5.96256e+06	    5.99822e+06	    5.99982e+06	
45	    5.19647e+06	    5.96755e+06	    5.99851e+06	    5.99981e+06	
46	    5.25265e+06	    5.97187e+06	     5.9988e+06	    5.99983e+06	
47	    5.30488e+06	    5.97563e+06	    5.99896e+06	    5.99987e+06	
48	    5.35345e+06	    5.97887e+06	    5.99917e+06	    5.99991e+06	
49	    5.39861e+06	    5.98168e+06	    5.99929e+06	    5.99992e+06	
50	    5.44059e+06	    5.98411e+06	    5.99939e+06	    5.99993e+06	
51	    5.47964e+06	    5.98622e+06	    5.99952e+06	    5.99994e+06	
52	    5.51595e+06	    5.98803e+06	    5.99957e+06	    5.99994e+06	
53	    5.54971e+06	    5.98963e+06	     5.9996e+06	    5.99994e+06	
54	    5.58112e+06	      5.991e+06	     5.9997e+06	    5.99991e+06	
55	    5.61032e+06	    5.99217e+06	    5.99974e+06	    5.99989e+06	
56	    5.63748e+06	    5.99319e+06	    5.99974e+06	     5.9999e+06	
57	    5.65965e+06	    5.99402e+06	    5.99975e+06	     5.9999e+06	
58	     5.6834e+06	    5.99482e+06	    5.99981e+06	    5.99993e+06	
59	    5.70549e+06	     5.9955e+06	    5.99984e+06	    5.99994e+06	
60	    5.72603e+06	    5.99608e+06	    5.99984e+06	    5.99993e+06	
61	    5.74514e+06	    5.99659e+06	    5.99981e+06	     5.9999e+06	
62	     5.7629e+06	    5.99703e+06	    5.99983e+06	    5.99991e+06	
63	    5.77943e+06	    5.99741e+06	    5.99987e+06	    5.99994e+06	
64	     5.7948e+06	    5.99773e+06	     5.9999e+06	    5.99995e+06	
65	    5.80909e+06	    5.99801e+06	     5.9999e+06	    5.99995e+06	
66	    5.82239e+06	    5.99825e+06	    5.99989e+06	    5.99994e+06	
67	    5.83475e+06	    5.99848e+06	    5.99986e+06	    5.99991e+06	
68	    5.84625e+06	    5.99868e+06	    5.99982e+06	    5.99991e+06	
69	    5.85695e+06	    5.99884e+06	    5.99986e+06	     5.9999e+06	
70	     5.8669e+06	    5.99895e+06	    5.99989e+06	    5.99992e+06	
71	    5.87616e+06	    5.99908e+06	    5.99991e+06	    5.99994e+06	
72	    5.88477e+06	    5.99921e+06	    5.99993e+06	    5.99995e+06	
73	    5.89279e+06	    5.99928e+06	    5.99993e+06	    5.99995e+06	
74	    5.90024e+06	    5.99936e+06	    5.99993e+06	    5.99994e+06	
75	    5.90717e+06	    5.99945e+06	    5.99991e+06	    5.99991e+06	
76	    5.91362e+06	    5.99947e+06	    5.99991e+06	     5.9999e+06	
77	    5.91962e+06	    5.99956e+06	    5.99982e+06	    5.99995e+06	
78	     5.9252e+06	    5.99959e+06	    5.99981e+06	    5.99995e+06	
79	     5.9304e+06	    5.99964e+06	    5.99984e+06	    5.99995e+06	
80	    5.93523e+06	    5.99967e+06	    5.99985e+06	    5.99995e+06	
81	    5.93972e+06	    5.99971e+06	    5.99987e+06	    5.99994e+06	
82	     5.9439e+06	    5.99973e+06	    5.99987e+06	    5.99993e+06	
83	    5.94779e+06	    5.99976e+06	    5.99989e+06	    5.99989e+06	
84	    5.95141e+06	    5.99976e+06	    5.99988e+06	    5.99993e+06	
85	    5.95478e+06	    5.99981e+06	    5.99992e+06	    5.99986e+06	
86	    5.95792e+06	    5.99977e+06	    5.99987e+06	    5.99995e+06	
87	    5.96083e+06	    5.99983e+06	    5.99993e+06	    5.99987e+06	
88	    5.96355e+06	    5.99983e+06	    5.99992e+06	    5.99984e+06	
89	    5.96606e+06	    5.99983e+06	    5.99991e+06	     5.9999e+06	
90	    5.96842e+06	    5.99987e+06	    5.99994e+06	    5.99987e+06	
91	     5.9706e+06	    5.99984e+06	    5.99991e+06	    5.99992e+06	
92	    5.97264e+06	    5.99986e+06	    5.99992e+06	    5.99986e+06	
93	    5.97452e+06	    5.99989e+06	    5.99994e+06	    5.99986e+06	
94	    5.97629e+06	    5.99986e+06	    5.99991e+06	    5.99993e+06	
95	    5.97793e+06	    5.99986e+06	     5.9999e+06	    5.99994e+06	
96	    5.97944e+06	     5.9999e+06	    5.99994e+06	    5.99983e+06	
97	    5.98087e+06	    5.99989e+06	    5.99993e+06	    5.99987e+06	
98	    5.98219e+06	    5.99983e+06	    5.99982e+06	     5.9998e+06	
99	    5.98342e+06	    5.99989e+06	    5.99992e+06	    5.99992e+06	
