1 23.9723 31.0925 35.35 36.3745 
2 47.4046 78.9023 101.832 107.817 
3 111.161 239.678 351.36 382.762 
4 217.05 598.75 996.695 1117.17 
5 358.996 1232.86 2316.04 2670.55 
6 534.894 2237.52 4716.79 5592.75 
7 743.379 4005.76 9654.96 11762.3 
8 983.468 6924.54 18853.4 23573.9 
9 1254.41 10945.2 33222.7 42537.1 
10 1555.59 16207.6 56229.2 73397.1 
11 1886.5 24312.1 93834 123958 
12 4849.67 83187.5 344706 420530 
13 9600.17 233261 890860 865732 
14 15881.8 493410 1.47761e+06 1.07482e+06 
15 23508.8 865371 1.82156e+06 1.02195e+06 
16 32336.8 1.31696e+06 1.88158e+06 860558 
17 78190.4 2.29547e+06 1.60573e+06 580916 
18 204757 2.76554e+06 1.17871e+06 365056 
19 466769 2.58469e+06 849647 236298 
20 1.19642e+06 2.08928e+06 572605 145187 
21 2.23201e+06 1.67292e+06 406092 94981.7 
22 3.36173e+06 1.34934e+06 295765 64050 
23 4.22722e+06 1.08861e+06 217647 44240.4 
24 4.43763e+06 919590 169615 32130.4 
25 4.36649e+06 786180 134740 23932.9 
26 4.16717e+06 675747 107672 18251.1 
27 3.91739e+06 581992 86764.8 14329.3 
28 3.65876e+06 502046 69759.6 10654.9 
29 3.40685e+06 433532 56398.2 8101.38 
30 3.16779e+06 374729 46013.6 6363.8 
31 2.94352e+06 323855 37019.8 5127.97 
32 2.73423e+06 280131 30107.4 4371.38 
33 2.53944e+06 242323 24816.7 3563.1 
34 2.35844e+06 209652 20146.9 2647.81 
35 2.19033e+06 181608 16346.3 2012.06 
36 2.03428e+06 157118 13519.7 1616.36 
37 1.88946e+06 136217 11478.1 1375.83 
38 1.75503e+06 117936 9372.95 1208.1 
39 1.63027e+06 102247 7580.18 1154.75 
40 1.51448e+06 88677.1 6328.4 1184.22 
41 1.407e+06 76888.7 5496.34 1240.22 
42 1.30724e+06 66792.2 5004.41 1263.47 
43 1.21462e+06 57949.7 4097.85 948.871 
44 1.12864e+06 50388.8 3279.31 688.583 
45 1.0488e+06 43824.8 2739.15 544.657 
46 974697 38072.6 2420.53 476.644 
47 905822 33364.3 2283.95 464.218 
48 841881 28833.6 2334.54 515.304 
49 782535 25388.3 2283.86 534.446 
50 727351 21991.6 1744.46 374.786 
51 676117 19233.3 1399.58 295.288 
52 628560 17154.1 1199.38 260.117 
53 584313 14688.7 1039.1 236.273 
54 543280 12999.6 992.38 234.666 
55 505068 11656.7 1000.69 245.905 
56 469607 9954.58 1156.68 310.653 
57 436701 8875.32 1348.53 417.953 
58 406026 8237.37 1476.59 519.614 
59 377590 6901.58 1325.6 473.664 
60 351183 6106.11 1106 387.832 
61 326550 5710.5 1041.63 382.269 
62 303718 5080.6 889.789 326.694 
63 282524 4308.12 704.143 253.292 
64 262814 3928.76 644.619 240.745 
65 244406 3852.68 666.219 268.008 
66 227346 3423.11 590.115 242.947 
67 211511 2853.77 507.682 214.377 
68 196864 2604.63 497.581 220.61 
69 183143 2611.85 505.784 238.834 
70 170405 2763.69 551.88 290.166 
71 158512 2148.81 512.037 278.447 
72 147518 1828.45 617.604 400.121 
73 137278 1741.15 643.813 458.5 
74 127752 1861.88 540.432 378.624 
75 118877 2203.1 543.916 412.075 
76 110670 1700.57 567.336 472.67 
77 103008 1375.3 922.675 969.104 
78 95920.7 1240.57 1229.84 1273.06 
79 89281.7 1277.96 992.148 1186.02 
80 83157 1494.95 590.957 659.13 
81 77463.3 1934.1 640.913 780.197 
82 72216.2 1543.61 553.419 686.481 
83 67204.2 1212.87 829.77 1187.87 
84 63412.7 1059.33 1274.29 669.926 
85 59014 975.776 1574.57 610.939 
86 54980.2 1032.62 1161.68 755.003 
87 51257.9 1251.45 615.837 1046.01 
88 47769.1 1694.56 839.004 1535.05 
89 44609.2 1891.61 1111.59 708.071 
90 41573.6 1511.79 788.187 1574.41 
91 38631.1 1218.19 630.4 1310.72 
92 36013.1 1035 722.96 1576.19 
93 33595.2 944.463 886.318 1137.75 
94 31480 953.555 803.748 1621.64 
95 29344 1097.25 675.618 1678.15 
96 27233.5 1479.95 1190.73 783.927 
97 25436.7 2119.52 2265.45 2476.41 
98 23789.9 2438.28 2868.02 1835.79 
99 22268 2116.73 2527.65 3150.73 
