1 1.07479 3.01667 5.382 7.94316 
2 2.87728 11.4677 24.2064 39.1705 
3 7.78169 42.8332 104.884 183.411 
4 15.9271 120.037 341.174 642.643 
5 26.8463 265.213 867.329 1755.57 
6 40.3773 504.861 1883.78 4084.05 
7 56.4152 946.631 4092.43 9414.44 
8 74.8843 1696.66 8353.26 20402.9 
9 95.7266 2742.18 15211.3 39413 
10 118.895 4122 26646.1 72609.7 
11 144.352 6277.5 45714.7 130752 
12 372.414 21935.6 179909 509269 
13 738.133 63701.2 536518 1.36555e+06 
14 1221.84 141110 1.11001e+06 2.39799e+06 
15 1809.26 264332 1.79813e+06 3.30156e+06 
16 2489.32 440138 2.48019e+06 3.98634e+06 
17 6052.5 1.02232e+06 3.58018e+06 4.8076e+06 
18 16057.9 1.91054e+06 4.40752e+06 5.29883e+06 
19 37612.3 2.74656e+06 4.90571e+06 5.55335e+06 
20 104722 3.59972e+06 5.2856e+06 5.72688e+06 
21 225791 4.15996e+06 5.50459e+06 5.82208e+06 
22 427837 4.56111e+06 5.65033e+06 5.88492e+06 
23 764196 4.86953e+06 5.75465e+06 5.92916e+06 
24 1.08489e+06 5.05843e+06 5.81494e+06 5.95291e+06 
25 1.40921e+06 5.20195e+06 5.85651e+06 5.96754e+06 
26 1.72526e+06 5.31762e+06 5.88724e+06 5.97677e+06 
27 2.02936e+06 5.41416e+06 5.91018e+06 5.98267e+06 
28 2.31354e+06 5.49561e+06 5.92833e+06 5.98746e+06 
29 2.57796e+06 5.56498e+06 5.94235e+06 5.99067e+06 
30 2.82348e+06 5.62429e+06 5.95314e+06 5.9928e+06 
31 3.05129e+06 5.67548e+06 5.9624e+06 5.99429e+06 
32 3.26255e+06 5.7194e+06 5.96948e+06 5.99521e+06 
33 3.45851e+06 5.75734e+06 5.97488e+06 5.99614e+06 
34 3.64021e+06 5.7901e+06 5.97963e+06 5.99713e+06 
35 3.80876e+06 5.81821e+06 5.98348e+06 5.99782e+06 
36 3.96509e+06 5.84274e+06 5.98635e+06 5.99825e+06 
37 4.11009e+06 5.86367e+06 5.98842e+06 5.99852e+06 
38 4.24464e+06 5.88198e+06 5.99055e+06 5.99871e+06 
39 4.36949e+06 5.89769e+06 5.99236e+06 5.99878e+06 
40 4.48534e+06 5.91127e+06 5.99362e+06 5.99876e+06 
41 4.59286e+06 5.92307e+06 5.99446e+06 5.99872e+06 
42 4.69265e+06 5.93317e+06 5.99496e+06 5.9987e+06 
43 4.7853e+06 5.94202e+06 5.99587e+06 5.99902e+06 
44 4.87129e+06 5.94959e+06 5.9967e+06 5.99929e+06 
45 4.95114e+06 5.95616e+06 5.99724e+06 5.99944e+06 
46 5.02526e+06 5.96191e+06 5.99756e+06 5.99951e+06 
47 5.09414e+06 5.96662e+06 5.9977e+06 5.99952e+06 
48 5.15809e+06 5.97115e+06 5.99765e+06 5.99947e+06 
49 5.21744e+06 5.9746e+06 5.99771e+06 5.99946e+06 
50 5.27263e+06 5.978e+06 5.99825e+06 5.99962e+06 
51 5.32386e+06 5.98076e+06 5.99859e+06 5.9997e+06 
52 5.37143e+06 5.98284e+06 5.9988e+06 5.99973e+06 
53 5.41567e+06 5.98531e+06 5.99896e+06 5.99976e+06 
54 5.45671e+06 5.987e+06 5.999e+06 5.99976e+06 
55 5.49492e+06 5.98834e+06 5.999e+06 5.99975e+06 
56 5.53039e+06 5.99004e+06 5.99884e+06 5.99969e+06 
57 5.56329e+06 5.99112e+06 5.99865e+06 5.99958e+06 
58 5.59397e+06 5.99176e+06 5.99852e+06 5.99948e+06 
59 5.62241e+06 5.9931e+06 5.99867e+06 5.99953e+06 
60 5.64881e+06 5.99389e+06 5.99889e+06 5.99961e+06 
61 5.67345e+06 5.99429e+06 5.99896e+06 5.99962e+06 
62 5.69628e+06 5.99492e+06 5.99911e+06 5.99967e+06 
63 5.71747e+06 5.99569e+06 5.9993e+06 5.99975e+06 
64 5.73719e+06 5.99607e+06 5.99936e+06 5.99976e+06 
65 5.75559e+06 5.99615e+06 5.99934e+06 5.99973e+06 
66 5.77265e+06 5.99658e+06 5.99941e+06 5.99976e+06 
67 5.78849e+06 5.99715e+06 5.99949e+06 5.99979e+06 
68 5.80314e+06 5.9974e+06 5.9995e+06 5.99978e+06 
69 5.81686e+06 5.99739e+06 5.9995e+06 5.99976e+06 
70 5.8296e+06 5.99724e+06 5.99945e+06 5.99971e+06 
71 5.84149e+06 5.99785e+06 5.99949e+06 5.99972e+06 
72 5.85248e+06 5.99817e+06 5.99939e+06 5.9996e+06 
73 5.86272e+06 5.99826e+06 5.99936e+06 5.99954e+06 
74 5.87225e+06 5.99814e+06 5.99946e+06 5.99962e+06 
75 5.88113e+06 5.9978e+06 5.99946e+06 5.99959e+06 
76 5.88933e+06 5.9983e+06 5.99944e+06 5.99953e+06 
77 5.89699e+06 5.99863e+06 5.99908e+06 5.99903e+06 
78 5.90408e+06 5.99876e+06 5.99877e+06 5.99873e+06 
79 5.91072e+06 5.99873e+06 5.99901e+06 5.99882e+06 
80 5.91685e+06 5.99851e+06 5.99941e+06 5.99934e+06 
81 5.92254e+06 5.99807e+06 5.99936e+06 5.99922e+06 
82 5.92779e+06 5.99846e+06 5.99945e+06 5.99932e+06 
83 5.9328e+06 5.99879e+06 5.99917e+06 5.99882e+06 
84 5.93659e+06 5.99894e+06 5.99873e+06 5.99933e+06 
85 5.94099e+06 5.99903e+06 5.99843e+06 5.99939e+06 
86 5.94502e+06 5.99897e+06 5.99884e+06 5.99925e+06 
87 5.94875e+06 5.99875e+06 5.99939e+06 5.99896e+06 
88 5.95223e+06 5.99831e+06 5.99917e+06 5.99847e+06 
89 5.95539e+06 5.99811e+06 5.99889e+06 5.9993e+06 
90 5.95843e+06 5.99849e+06 5.99922e+06 5.99843e+06 
91 5.96137e+06 5.99879e+06 5.99937e+06 5.99869e+06 
92 5.96399e+06 5.99897e+06 5.99928e+06 5.99843e+06 
93 5.96641e+06 5.99906e+06 5.99912e+06 5.99887e+06 
94 5.96852e+06 5.99905e+06 5.9992e+06 5.99838e+06 
95 5.97066e+06 5.99891e+06 5.99933e+06 5.99833e+06 
96 5.97277e+06 5.99852e+06 5.99881e+06 5.99922e+06 
97 5.97457e+06 5.99788e+06 5.99774e+06 5.99753e+06 
98 5.97621e+06 5.99757e+06 5.99714e+06 5.99817e+06 
99 5.97774e+06 5.99789e+06 5.99748e+06 5.99685e+06 
