1 5.99998e+06 5.99998e+06 5.99997e+06 5.99997e+06 
2 5.99996e+06 5.99992e+06 5.99988e+06 5.99986e+06 
3 5.99989e+06 5.99973e+06 5.99955e+06 5.99944e+06 
4 5.99978e+06 5.99929e+06 5.99867e+06 5.99825e+06 
5 5.99962e+06 5.99851e+06 5.99683e+06 5.99558e+06 
6 5.99943e+06 5.99727e+06 5.99341e+06 5.99033e+06 
7 5.99921e+06 5.99506e+06 5.98626e+06 5.97883e+06 
8 5.99895e+06 5.99139e+06 5.9728e+06 5.95603e+06 
9 5.99866e+06 5.98632e+06 5.95158e+06 5.91806e+06 
10 5.99834e+06 5.97968e+06 5.91713e+06 5.854e+06 
11 5.99798e+06 5.96942e+06 5.86046e+06 5.7453e+06 
12 5.99479e+06 5.89489e+06 5.47539e+06 5.07021e+06 
13 5.98967e+06 5.70305e+06 4.57263e+06 3.76873e+06 
14 5.98291e+06 5.36549e+06 3.41239e+06 2.5272e+06 
15 5.97469e+06 4.87031e+06 2.38032e+06 1.6765e+06 
16 5.96518e+06 4.24291e+06 1.63824e+06 1.15312e+06 
17 5.91577e+06 2.68222e+06 814104 611490 
18 5.77919e+06 1.32393e+06 413771 336127 
19 5.49563e+06 668762 244651 210359 
20 4.69887e+06 311016 141804 127938 
21 3.54221e+06 167136 89326.2 82951.7 
22 2.21045e+06 89557.4 53910.7 51040.6 
23 1.0086e+06 41868.5 27717.7 26612.3 
24 477491 21987.6 15454.8 14965.4 
25 224311 11879.4 8756.08 8532.24 
26 107574 6645.25 5095.78 4990.48 
27 53262.3 3861.43 3064.4 3013.02 
28 27706.4 2349.28 1920.17 1893.87 
29 15204.4 1499.21 1257.38 1243.29 
30 8737.09 995.167 853.734 845.873 
31 5204.39 679.664 594.574 590.166 
32 3228.18 479.955 427.14 424.583 
33 2060.15 346.199 312.811 311.264 
34 1362.39 256.957 235.226 234.268 
35 923.776 194.279 179.87 179.27 
36 644.99 150.237 140.507 140.117 
37 462.594 118.635 111.932 111.668 
38 338.784 95.0793 90.3859 90.2139 
39 253.884 77.5459 74.197 74.0859 
40 194.163 64.2008 61.7821 61.708 
41 151.379 53.9116 52.1462 52.0945 
42 120.121 45.862 44.5594 44.5205 
43 96.884 39.4744 38.4953 38.4671 
44 79.3574 34.3621 33.6153 33.595 
45 65.9167 30.2118 29.6384 29.6232 
46 55.5043 26.8252 26.3828 26.3709 
47 47.234 23.9938 23.6485 23.6384 
48 40.6845 21.6418 21.3759 21.3668 
49 35.4408 19.6884 19.4773 19.4694 
50 31.1341 18.0051 17.8358 17.8301 
51 27.6167 16.5833 16.4459 16.4417 
52 24.7149 15.3741 15.2601 15.2567 
53 22.2705 14.31 14.2192 14.2165 
54 20.233 13.404 13.3291 13.3268 
55 18.4871 12.603 12.5405 12.5383 
56 17.0067 11.9015 11.8527 11.8504 
57 15.7434 11.2931 11.2535 11.251 
58 14.6389 10.7485 10.7147 10.7123 
59 13.6894 10.265 10.2384 10.2363 
60 12.8635 9.83942 9.8165 9.81485 
61 12.1312 9.45557 9.43499 9.43354 
62 11.4923 9.11332 9.09552 9.09432 
63 10.9298 8.80577 8.79098 8.79005 
64 10.4303 8.53041 8.51735 8.51654 
65 9.98075 8.27976 8.26746 8.26669 
66 9.58241 8.05262 8.04198 8.04133 
67 9.22701 7.84641 7.83782 7.83729 
68 8.91106 7.66294 7.6554 7.65491 
69 8.62217 7.49398 7.48662 7.48615 
70 8.36219 7.34113 7.33356 7.33311 
71 8.1254 7.196 7.1905 7.19011 
72 7.91294 7.06616 7.06217 7.06181 
73 7.71938 6.94789 6.94433 6.94403 
74 7.54316 6.84034 6.83612 6.83587 
75 7.38207 6.74235 6.73713 6.73692 
76 7.23624 6.64882 6.6453 6.64515 
77 7.10206 6.56282 6.56144 6.56151 
78 6.98009 6.48504 6.485 6.48507 
79 6.8671 6.41323 6.41238 6.41267 
80 6.76446 6.34857 6.34589 6.34599 
81 6.67007 6.28988 6.28609 6.28629 
82 6.58409 6.23227 6.22939 6.22959 
83 6.50221 6.17719 6.17608 6.1766 
84 6.43978 6.13519 6.13581 6.13494 
85 6.36911 6.08823 6.08993 6.08856 
86 6.30486 6.046 6.04637 6.04579 
87 6.24596 6.00789 6.00611 6.00671 
88 6.19092 5.97317 5.97079 5.97175 
89 6.14135 5.94082 5.93866 5.9381 
90 6.09369 5.90689 5.90489 5.90597 
91 6.04755 5.87424 5.87262 5.87356 
92 6.00671 5.84561 5.84476 5.84592 
93 5.96899 5.81942 5.81926 5.81961 
94 5.93597 5.79679 5.79638 5.79749 
95 5.90255 5.77437 5.77324 5.77459 
96 5.86959 5.75326 5.75248 5.75194 
97 5.84144 5.73652 5.73691 5.73719 
98 5.81551 5.71979 5.72093 5.71955 
99 5.79139 5.70138 5.70247 5.70329 
