               0.001            0.000999               0.998
               0.002            0.001996            0.996004
           0.0059257          0.00589067            0.988199
           0.0136608           0.0134753            0.972954
           0.0271013           0.0263763            0.946881
           0.0487985            0.046473            0.905889
           0.0807954           0.0745202            0.847845
            0.118723            0.105425            0.782608
            0.158313            0.135123             0.71844
             0.19842            0.162697            0.657311
            0.239017            0.188189            0.599198
            0.280259            0.211746            0.543833
             0.32228            0.233475            0.491014
            0.365182            0.253446            0.440622
            0.409039            0.271704            0.392586
            0.453916            0.288283            0.346859
            0.499871            0.303211            0.303408
            0.546962            0.316516            0.262204
             0.59525            0.328222            0.223222
            0.644798            0.338358            0.186434
            0.695674            0.346949            0.151817
            0.747954            0.354023            0.119342
            0.801719             0.35961           0.0889838
            0.857056            0.363738           0.0607124
            0.914064            0.366438           0.0344988
            0.972851            0.367742           0.0103126
             1.03353             0.36768          -0.0118776
             1.09625            0.366287          -0.0321044
             1.16114            0.363597           -0.050401
             1.22837            0.359643          -0.0668018
             1.29813            0.354462          -0.0813422
             1.37062             0.34809          -0.0940584
             1.44609            0.340565           -0.104988
             1.52481            0.331925           -0.114168
             1.60709             0.32221           -0.121639
              1.6933            0.311459            -0.12744
             1.78386            0.299715           -0.131612
             1.87929             0.28702           -0.134197
             1.98017            0.273415           -0.135237
             2.08725            0.258946           -0.134775
             2.20142            0.243655           -0.132855
              2.3238            0.227589           -0.129521
             2.45581             0.21079           -0.124815
             2.59931            0.193304           -0.118779
             2.75675            0.175172           -0.111454
             2.93152            0.156438           -0.102876
             3.12841            0.137147          -0.0930803
             3.35424            0.117372          -0.0821128
             3.61818           0.0973044          -0.0700888
             3.92822           0.0775731          -0.0574213
             4.27947           0.0596103          -0.0451554
             4.65546           0.0447111          -0.0344052
             5.04721            0.033027           -0.025527
             5.45682           0.0240914          -0.0183455
             5.89294           0.0173994          -0.0125422
             6.36852           0.0126004         -0.00778904
             6.90107          0.00955621         -0.00372473
             7.50822          0.00845975         0.000151971
                   8          0.00929305          0.00334472
