                1000            0.0110296          6.22878e-05
                2000            0.0110374          6.22878e-05
                3000            0.0110378          6.22878e-05
                4000            0.0110132          6.22878e-05
                5000             0.011025          6.22878e-05
                6000            0.0110274          6.22878e-05
                7000            0.0110274          6.22878e-05
                8000            0.0110323          6.22878e-05
                9000            0.0110308          6.22878e-05
               10000            0.0110416          6.22878e-05
               11000            0.0110302          6.22878e-05
               12000            0.0110296          6.22878e-05
               13000             0.011036          6.22878e-05
               14000            0.0110293          6.22878e-05
               15000            0.0110411          6.22878e-05
               16000            0.0110377          6.22878e-05
               17000             0.011017          6.22878e-05
               18000            0.0110363          6.22878e-05
               19000            0.0110394          6.22878e-05
               20000            0.0110341          6.22878e-05
               21000            0.0110388          6.22878e-05
               22000            0.0110264          6.22878e-05
               23000            0.0110325          6.22878e-05
               24000            0.0110443          6.22878e-05
               25000             0.011052          6.22878e-05
               26000            0.0110377          6.22878e-05
               27000            0.0110301          6.22878e-05
               28000            0.0110422          6.22878e-05
               29000            0.0110316          6.22878e-05
               30000             0.011007          6.22878e-05
               31000            0.0110425          6.22878e-05
               32000            0.0110238          6.22878e-05
               33000             0.011034          6.22878e-05
               34000            0.0110328          6.22878e-05
               35000            0.0110454          6.22878e-05
               36000            0.0110173          6.22878e-05
               37000            0.0110437          6.22878e-05
               38000            0.0110428          6.22878e-05
               39000            0.0110305          6.22878e-05
               40000            0.0110319          6.22878e-05
               41000            0.0110459          6.22878e-05
               42000              0.01104          6.22878e-05
               43000             0.011041          6.22878e-05
               44000            0.0110297          6.22878e-05
               45000            0.0110368          6.22878e-05
               46000            0.0110372          6.22878e-05
               47000            0.0110392          6.22878e-05
               48000            0.0110304          6.22878e-05
               49000            0.0110503          6.22878e-05
               50000            0.0110396          6.22878e-05
               51000            0.0110296          6.22878e-05
               52000            0.0110394          6.22878e-05
               53000            0.0110292          6.22878e-05
               54000            0.0110342          6.22878e-05
               55000            0.0110451          6.22878e-05
               56000            0.0110338          6.22878e-05
               57000             0.011038          6.22878e-05
               58000            0.0110402          6.22878e-05
               59000            0.0110299          6.22878e-05
               60000            0.0110291          6.22878e-05
               61000            0.0110337          6.22878e-05
               62000            0.0110328          6.22878e-05
               63000            0.0110383          6.22878e-05
               64000              0.01104          6.22878e-05
               65000            0.0110271          6.22878e-05
               66000            0.0110551          6.22878e-05
               67000             0.011033          6.22878e-05
               68000            0.0110281          6.22878e-05
               69000            0.0110307          6.22878e-05
               70000            0.0110421          6.22878e-05
               71000            0.0110346          6.22878e-05
               72000            0.0110432          6.22878e-05
               73000            0.0110438          6.22878e-05
               74000            0.0110413          6.22878e-05
               75000            0.0110295          6.22878e-05
               76000            0.0110206          6.22878e-05
               77000            0.0110323          6.22878e-05
               78000            0.0110447          6.22878e-05
               79000            0.0110354          6.22878e-05
               80000             0.011031          6.22878e-05
               81000            0.0110311          6.22878e-05
               82000            0.0110287          6.22878e-05
               83000            0.0110337          6.22878e-05
               84000            0.0110328          6.22878e-05
               85000            0.0110306          6.22878e-05
               86000            0.0110307          6.22878e-05
               87000            0.0110393          6.22878e-05
               88000            0.0110304          6.22878e-05
               89000            0.0110354          6.22878e-05
               90000             0.011026          6.22878e-05
               91000            0.0110458          6.22878e-05
               92000            0.0110499          6.22878e-05
               93000            0.0110325          6.22878e-05
               94000            0.0110305          6.22878e-05
               95000             0.011023          6.22878e-05
               96000            0.0110378          6.22878e-05
               97000             0.011032          6.22878e-05
               98000            0.0110196          6.22878e-05
               99000            0.0110429          6.22878e-05
